-4.007812
-0.222900
-0.599609
-0.333984
-6.351562
-0.486328
2.736328
1.599609
1.616211
-0.321777
-8.796875
-2.521484
-2.658203
0.277832
1.587891
-0.869141
-9.109375
-2.771484
-0.338867
0.383057
1.609375
-0.882324
-10.882812
-2.705078
-5.675781
-3.066406
-0.106812
-1.785156
-8.679688
-1.092773
-4.839844
-0.397949
-0.413330
-0.683594
-6.554688
-0.079102
4.179688
1.656250
2.542969
-0.619629
-10.601562
-3.582031
-4.136719
0.187012
2.777344
-1.201172
-11.171875
-3.724609
-0.298340
0.811035
1.741211
-1.696289
-11.945312
-3.888672
-7.855469
-4.140625
-0.578613
-2.521484
-10.828125
-1.816406
-5.453125
-0.452148
-0.381592
-0.868652
-6.894531
0.086914
4.734375
1.970703
2.941406
-0.620605
-11.460938
-4.242188
-4.695312
0.176270
3.029297
-1.306641
-12.359375
-4.160156
-0.608398
0.819336
1.729492
-1.663086
-12.812500
-4.312500
-8.171875
-4.320312
-0.748535
-2.644531
-11.585938
-1.917969
-5.003906
-0.436035
-0.516602
-0.811035
-7.308594
-0.433594
4.757812
2.089844
3.314453
-0.708984
-12.195312
-4.425781
-4.277344
0.361816
2.867188
-1.371094
-12.882812
-4.351562
-0.751953
1.024414
2.255859
-1.145508
-13.343750
-4.402344
-7.695312
-3.890625
-0.604492
-2.578125
-12.023438
-1.822266
-4.476562
-0.459961
-0.685547
-0.530273
-7.976562
-0.062500
4.500000
1.800781
3.044922
-0.478760
-12.703125
-4.570312
-3.541016
0.412109
2.328125
-1.416016
-14.000000
-4.804688
-0.721191
0.856445
2.570312
-0.371582
-14.906250
-4.410156
-7.281250
-3.353516
-0.273926
-2.562500
-13.054688
-1.268555
-3.703125
-0.437500
-0.932617
-0.155273
-8.937500
0.148438
4.390625
1.933594
2.580078
-0.298828
-12.625000
-4.472656
-2.492188
0.923828
2.482422
-1.331055
-14.390625
-4.640625
-0.590820
0.885254
2.162109
-0.080933
-17.484375
-4.214844
-6.167969
-3.080078
-0.537598
-2.142578
-13.210938
-0.483887
-2.441406
-0.230469
-1.116211
-0.072205
-8.968750
0.049805
3.875000
1.652344
1.545898
-0.589355
-11.507812
-4.253906
-1.867188
0.597168
2.675781
-1.484375
-12.960938
-3.884766
-0.534668
0.660645
1.821289
-0.024353
-17.421875
-3.337891
-4.476562
-2.744141
-0.196655
-0.917969
-11.250000
-0.455078
-1.903320
-0.389404
-1.045898
-0.368652
-8.062500
-0.507812
3.691406
0.283691
1.344727
-0.459229
-12.093750
-4.433594
-2.800781
0.466797
2.574219
-1.643555
-13.539062
-4.320312
-0.708496
0.473145
1.509766
-0.200684
-17.296875
-3.267578
-4.472656
-2.666016
-0.262207
-1.050781
-11.968750
-0.673828
-2.480469
-0.452148
-0.688477
-0.655273
-7.132812
-0.599609
3.701172
0.818848
1.539062
-0.437744
-11.554688
-4.300781
-3.431641
-0.059998
2.431641
-1.441406
-12.960938
-3.826172
-0.449219
0.446045
1.865234
-0.729492
-14.750000
-3.744141
-5.449219
-2.775391
-0.077515
-1.496094
-11.367188
-0.629883
-4.531250
-0.446777
-0.514648
-0.777344
-7.191406
-0.869141
4.445312
1.453125
2.341797
-0.571777
-11.992188
-3.906250
-3.919922
0.044495
2.765625
-1.257812
-12.609375
-3.707031
-0.495117
0.337402
1.786133
-1.325195
-13.710938
-4.082031
-6.660156
-3.466797
-0.261719
-2.234375
-11.828125
-1.191406
-7.378906
-0.435059
-0.201050
-0.837891
-7.390625
-0.134766
4.445312
1.378906
2.681641
-0.962891
-11.945312
-3.673828
-4.906250
0.329590
3.013672
-1.244141
-12.687500
-3.929688
-0.778320
0.073181
1.601562
-1.581055
-12.921875
-4.589844
-7.886719
-4.523438
-0.898438
-2.865234
-12.773438
-2.001953
-7.804688
-0.508789
-0.087708
-0.857422
-7.492188
0.324219
3.751953
1.260742
2.546875
-1.359375
-11.375000
-3.294922
-5.417969
0.321777
2.480469
-1.279297
-12.554688
-4.179688
-0.877930
0.190918
1.482422
-1.465820
-11.664062
-4.339844
-7.730469
-4.597656
-0.963379
-3.259766
-12.578125
-2.398438
-3.841797
-0.550293
-0.156128
-0.393555
-6.500000
0.828613
2.007812
0.728027
0.799316
-1.268555
-9.046875
-2.167969
-3.939453
-0.773926
1.055664
-1.391602
-10.648438
-3.361328
-0.209473
0.048767
1.258789
-0.838867
-9.625000
-2.748047
-4.781250
-3.158203
-0.039429
-2.349609
-9.710938
-1.988281
-4.925781
-0.368164
0.327393
0.273438
-6.609375
2.351562
1.779297
1.365234
1.503906
-0.154419
-7.265625
-0.002563
-1.337891
0.829590
-1.235352
0.742188
-10.117188
-1.033203
0.189697
0.156250
2.476562
-0.033203
-11.757812
-1.580078
-4.656250
-1.743164
-1.237305
-1.816406
-9.039062
-2.621094
-8.375000
-0.457520
0.705078
0.007324
-7.101562
2.634766
2.804688
1.582031
2.814453
-0.467529
-9.085938
0.753906
-1.261719
1.119141
-1.556641
0.975586
-12.898438
-1.816406
0.116699
0.917969
2.931641
-0.020996
-12.859375
-1.701172
-6.195312
-2.050781
-1.688477
-2.291016
-11.070312
-3.808594
-9.890625
-0.448242
0.864258
0.071411
-7.742188
2.769531
3.105469
2.333984
2.802734
-0.613281
-9.984375
0.761230
-1.288086
0.965332
-1.881836
0.959961
-14.851562
-2.300781
-0.271484
0.944824
3.267578
-0.035645
-14.226562
-1.675781
-6.824219
-1.536133
-1.803711
-2.603516
-12.164062
-3.869141
-10.531250
-0.242432
0.919922
0.337402
-8.218750
2.207031
2.902344
2.941406
2.744141
-0.475586
-11.109375
0.246948
-0.617676
0.727539
-2.171875
0.871094
-16.984375
-2.207031
-0.509277
1.203125
4.250000
0.181152
-15.726562
-1.703125
-6.492188
-1.178711
-1.256836
-2.255859
-12.929688
-3.552734
-9.781250
0.088196
0.832031
0.643066
-9.390625
2.287109
2.375000
3.052734
1.964844
-0.102356
-12.273438
-0.630859
-0.017883
0.579590
-2.556641
0.718750
-17.937500
-2.316406
-0.825195
1.682617
4.671875
0.430664
-17.718750
-2.253906
-5.863281
-1.130859
-0.522949
-1.935547
-13.632812
-3.205078
-6.910156
0.227783
0.637695
0.803711
-9.890625
2.304688
2.087891
1.914062
1.513672
-0.129150
-12.265625
-1.895508
-0.182129
-0.116638
-2.220703
0.535156
-17.437500
-2.742188
-1.055664
1.386719
3.357422
0.121094
-19.453125
-2.125000
-3.859375
-1.270508
-1.203125
-1.158203
-13.726562
-2.810547
-5.882812
0.319824
0.610352
0.398438
-7.660156
2.433594
1.406250
1.857422
1.119141
-0.301758
-8.070312
-1.377930
0.414062
-0.447754
-0.947754
-0.547852
-14.257812
-2.365234
-1.256836
0.577637
1.625977
-0.747559
-16.109375
-0.042572
-2.750000
-1.066406
-0.441895
0.199463
-10.140625
-2.007812
-5.300781
-0.245117
0.680664
0.426270
-8.281250
0.273438
1.779297
0.607910
1.310547
-0.146240
-10.859375
-1.623047
-0.951660
-0.128906
-0.688477
-0.234863
-14.304688
-3.244141
-1.324219
0.740234
2.289062
-0.317871
-18.546875
-0.665039
-2.787109
-0.562012
-0.825195
-0.460693
-12.367188
-1.777344
-5.062500
-0.409912
1.001953
-0.020508
-7.843750
1.735352
1.589844
1.652344
2.027344
-0.223389
-9.843750
-1.167969
-0.981445
0.136230
-0.997070
0.433594
-14.164062
-1.931641
-0.343262
0.412842
3.423828
0.685547
-16.093750
-1.330078
-3.511719
-0.250977
-0.516602
-1.111328
-11.835938
-1.624023
-8.296875
-0.545898
0.845703
-0.176147
-8.187500
2.042969
2.593750
1.958984
2.984375
-0.528320
-10.015625
0.033813
-1.464844
0.913086
-1.358398
1.106445
-14.718750
-1.580078
-0.193726
-0.294922
3.380859
0.338379
-14.640625
-1.990234
-5.164062
-1.199219
-1.476562
-2.326172
-12.703125
-3.294922
-11.500000
-0.498047
0.757812
-0.186646
-8.656250
2.455078
3.628906
1.580078
4.546875
-0.835449
-10.585938
0.451172
-2.943359
2.535156
-1.647461
1.655273
-14.789062
-1.755859
-0.049072
-0.517090
2.943359
-0.530762
-13.796875
-3.275391
-7.230469
-2.623047
-2.697266
-3.521484
-13.757812
-4.722656
-12.156250
-0.685059
0.595703
-0.124756
-8.906250
3.445312
3.660156
1.271484
4.632812
-1.540039
-11.250000
0.932617
-3.699219
4.105469
-1.852539
1.945312
-14.882812
-1.464844
0.140381
0.092224
1.997070
-0.963379
-13.062500
-4.207031
-7.644531
-3.082031
-2.062500
-4.015625
-14.101562
-5.054688
-8.296875
-0.671387
-0.024536
0.280762
-7.605469
3.347656
2.486328
1.043945
1.758789
-1.607422
-9.179688
0.744141
-2.494141
1.824219
-1.841797
0.981445
-13.554688
-1.626953
0.513184
-0.412598
0.632812
-1.228516
-11.148438
-3.109375
-5.589844
-2.787109
-0.277344
-3.021484
-11.398438
-4.218750
-5.597656
-0.375977
-0.677734
0.611328
-6.972656
2.050781
1.367188
0.995605
-0.178955
-0.741699
-6.527344
-0.471680
-1.184570
1.500000
-1.115234
0.129028
-8.140625
-1.115234
-0.734375
0.016296
2.597656
0.413086
-12.632812
-1.242188
-1.520508
0.220215
-0.421875
-0.652832
-8.125000
-0.686523
-9.468750
-0.556641
-0.317871
0.299805
-7.179688
3.089844
2.443359
1.067383
0.311523
-1.186523
-6.890625
0.169067
-1.150391
2.445312
-1.435547
0.062500
-9.523438
-1.188477
-0.807129
0.477051
2.906250
0.684570
-13.492188
-1.124023
-1.719727
0.085388
-0.736328
-0.632812
-9.203125
-1.255859
-10.218750
-0.614746
-0.307129
0.132690
-8.000000
2.738281
3.609375
1.990234
0.477539
-1.410156
-7.675781
0.200317
-0.708008
2.357422
-1.502930
0.014648
-11.015625
-1.166992
-0.676270
0.575195
3.580078
0.953613
-15.406250
-0.525879
-1.442383
0.650879
-0.801758
-0.496094
-9.929688
-0.958984
-9.468750
-0.284668
-0.269531
0.405273
-8.859375
2.371094
3.816406
2.613281
0.884766
-1.003906
-11.125000
-0.450195
-0.001587
1.997070
-1.760742
0.269043
-14.812500
-1.087891
-0.795898
1.301758
3.615234
1.762695
-18.140625
-0.767090
-1.069336
1.452148
-0.421387
0.091064
-11.226562
-0.440918
-7.687500
0.541504
-0.483398
0.915527
-10.273438
2.042969
3.531250
2.738281
1.127930
-0.085266
-12.679688
-0.651367
1.275391
2.712891
-1.863281
0.480469
-16.406250
-1.428711
-1.221680
2.474609
2.636719
1.530273
-20.125000
-1.398438
-0.388428
1.952148
0.158813
0.495605
-12.804688
-0.416992
-3.154297
0.409668
-0.537109
1.162109
-11.671875
0.460938
2.005859
0.017090
1.066406
-0.372314
-13.835938
-1.355469
1.342773
0.553223
-0.480469
0.438477
-17.312500
-2.033203
-2.224609
3.123047
0.801758
0.927246
-22.093750
-1.549805
-0.181274
0.160645
-0.252441
1.304688
-15.109375
-1.029297
-4.910156
0.203369
0.365967
0.826172
-8.039062
2.246094
0.641602
-0.857910
-0.182007
-0.485352
-8.031250
-0.930664
0.821289
-0.953613
0.258057
-0.591797
-12.132812
-1.668945
-2.138672
2.869141
-0.035767
-0.223145
-14.750000
1.228516
0.056488
0.194824
0.766602
1.994141
-10.976562
-1.134766
-6.183594
-0.264404
0.167725
0.927246
-10.796875
-3.126953
-0.090088
-0.963379
0.725098
-0.485596
-12.546875
-1.128906
-0.004089
-1.010742
0.633789
-0.577148
-12.148438
-3.330078
-3.380859
1.977539
0.447021
0.099121
-19.437500
-0.561523
-0.729004
0.600586
0.182251
1.251953
-13.492188
-1.013672
-4.109375
-0.570312
0.044556
0.050293
-10.015625
0.757812
1.324219
0.600586
1.152344
-0.958008
-10.257812
-1.343750
-0.507812
0.518555
0.034607
-0.196533
-10.562500
-2.308594
-2.564453
1.048828
2.832031
0.732422
-17.125000
0.104858
-0.038727
1.795898
0.525879
0.680664
-12.484375
-0.807129
-9.679688
-0.421387
-0.117676
-0.207764
-8.890625
2.197266
2.968750
0.905762
1.375000
-1.416992
-9.273438
-1.107422
-2.355469
2.019531
-0.993652
-0.276855
-11.375000
-1.449219
-1.351562
-0.387695
3.419922
0.863281
-13.796875
-1.401367
-0.960449
0.979980
-0.327637
-0.542480
-11.398438
-1.728516
-16.062500
-0.254883
-0.189697
0.161743
-9.640625
2.992188
4.035156
1.023438
2.755859
-1.535156
-11.484375
-0.523438
-4.441406
4.105469
-1.380859
0.927734
-11.976562
-1.578125
0.155518
-1.005859
3.332031
-0.261230
-14.453125
-3.869141
-3.785156
-1.209961
-1.707031
-2.339844
-12.671875
-2.572266
-19.859375
-0.569336
-0.190918
0.172974
-10.125000
3.687500
4.460938
0.826172
3.457031
-2.130859
-12.750000
0.486328
-5.164062
6.167969
-1.783203
1.843750
-13.320312
-1.564453
0.827637
-0.154297
3.279297
-1.021484
-14.500000
-4.234375
-5.355469
-2.388672
-1.262695
-3.177734
-13.468750
-3.380859
-12.250000
-0.643555
-0.684570
0.696777
-7.882812
3.062500
2.753906
0.886230
1.302734
-1.640625
-9.820312
0.997070
-3.515625
3.294922
-2.078125
1.092773
-12.453125
-1.458984
1.171875
-0.687012
1.735352
-1.475586
-12.257812
-3.421875
-4.246094
-2.982422
-0.426270
-2.876953
-11.492188
-3.445312
-5.835938
-0.069397
-0.822266
0.826660
-6.812500
1.572266
1.707031
0.805664
-0.178955
-0.205322
-7.343750
-1.088867
-1.781250
1.359375
-1.308594
-0.237793
-9.632812
-1.456055
-1.173828
0.000122
2.232422
-0.150391
-12.953125
-0.686523
-1.375977
-0.101624
-0.139038
-1.029297
-8.648438
-0.582520
-9.031250
-0.414551
-0.660645
0.576660
-7.394531
3.066406
2.740234
0.829590
0.188110
-0.488037
-7.648438
-0.626953
-2.113281
2.197266
-1.412109
-0.558594
-10.304688
-1.514648
-1.612305
0.601562
2.912109
-0.156738
-13.843750
-0.241333
-1.620117
-0.044983
-0.238159
-0.947266
-9.500000
-0.846191
-10.953125
-0.334717
-1.003906
0.527344
-8.882812
2.033203
3.535156
1.890625
0.319336
-0.810059
-10.281250
-0.360840
-1.830078
1.816406
-1.224609
-0.605469
-12.367188
-1.880859
-2.019531
0.879395
3.523438
0.270996
-16.796875
0.073120
-1.868164
0.207764
-0.598145
-0.781250
-10.945312
-0.842285
-8.937500
0.014038
-1.095703
0.896973
-10.343750
1.047852
3.011719
2.917969
0.372070
-0.430420
-13.937500
-1.422852
-0.750488
1.322266
-1.570312
0.046265
-16.046875
-1.165039
-1.678711
0.785156
3.068359
1.234375
-19.562500
-1.052734
-1.081055
0.755859
0.120239
-0.057861
-12.046875
0.051636
-4.625000
0.495117
-1.130859
1.233398
-9.875000
0.070312
2.521484
2.900391
0.416016
0.536133
-12.835938
-1.486328
1.321289
1.407227
-1.447266
0.773438
-15.914062
-0.579590
-1.999023
1.284180
0.863281
0.711914
-18.125000
-1.682617
-0.234985
0.599609
0.660156
0.115723
-12.117188
-0.349609
-1.404297
0.584961
-1.004883
1.335938
-11.617188
-2.560547
0.633789
0.551758
-0.539062
-0.356689
-15.054688
-1.906250
0.792480
-0.251465
-0.151489
0.220947
-17.093750
-0.787109
-3.669922
1.857422
-0.454346
-0.267578
-18.593750
-2.304688
0.569336
-0.293945
0.023560
0.504395
-14.187500
-1.319336
-4.289062
-0.436035
-0.429688
1.093750
-10.898438
-0.195312
-0.811035
-0.950684
-1.064453
-0.211182
-10.250000
-1.750977
-0.564941
-0.002380
-0.219849
-0.968750
-14.179688
-0.679199
-3.330078
3.115234
-0.235840
0.309814
-14.343750
0.512695
0.011932
0.276367
-0.011108
0.434570
-11.687500
-1.238281
-4.355469
-0.113953
-0.751953
1.394531
-12.625000
-4.281250
-0.276611
-0.006348
0.016235
-0.342041
-16.062500
-1.498047
-1.440430
-1.055664
0.146118
-0.183716
-15.257812
-1.851562
-3.642578
1.721680
-0.823242
-0.382324
-18.812500
-1.129883
-1.378906
0.767090
-0.738770
0.230225
-14.039062
-1.724609
-4.695312
-0.085876
-0.669922
0.741699
-10.671875
-0.763672
1.007812
0.931641
0.604980
-0.375732
-12.765625
-1.747070
-1.839844
-0.119080
-0.469238
-0.388428
-12.859375
-2.103516
-3.005859
0.396240
1.762695
0.156738
-16.953125
-0.097778
0.042328
2.486328
0.103149
0.313477
-11.789062
-1.556641
-10.414062
-0.120667
-0.691895
0.169800
-9.203125
1.808594
3.566406
0.898926
1.618164
-0.259521
-11.609375
-1.688477
-3.833984
1.831055
-1.191406
-0.634766
-12.710938
-1.494141
-1.411133
-1.357422
2.615234
-0.750000
-14.570312
-1.685547
-1.784180
0.297119
-0.680176
-1.542969
-12.281250
-2.726562
-17.687500
-0.027283
-0.530273
0.261719
-10.000000
3.791016
4.796875
0.404785
3.318359
-1.058594
-13.171875
-0.949219
-5.460938
4.558594
-1.314453
0.521973
-14.273438
-2.132812
-0.097656
-1.837891
2.841797
-1.705078
-15.203125
-4.023438
-4.816406
-3.294922
-1.684570
-3.447266
-14.148438
-3.687500
-20.843750
-0.437500
-0.400635
0.187378
-9.984375
4.882812
4.988281
0.566406
3.980469
-1.944336
-13.234375
0.141968
-6.222656
6.253906
-1.921875
1.681641
-14.703125
-1.966797
1.300781
-1.159180
2.994141
-2.052734
-14.328125
-3.958984
-6.675781
-4.523438
-1.085938
-4.101562
-14.601562
-4.203125
-12.289062
-0.554199
-0.706055
0.622559
-7.890625
3.613281
2.808594
0.790039
1.450195
-1.273438
-10.289062
1.002930
-4.421875
3.550781
-1.846680
1.285156
-13.101562
-1.708984
1.540039
-1.384766
1.520508
-1.760742
-12.015625
-3.107422
-5.175781
-4.023438
-0.385742
-3.296875
-11.617188
-3.835938
-5.730469
-0.117859
-0.788086
0.861816
-7.253906
1.490234
2.074219
0.432373
0.105957
-0.053406
-7.238281
-0.829102
-1.640625
1.665039
-1.072266
-0.348145
-9.632812
-1.538086
-0.971680
-0.091370
2.353516
-0.401855
-13.500000
-0.608398
-1.427734
-0.544434
0.027466
-1.085938
-9.046875
-0.718750
-7.917969
-0.359375
-0.738281
0.768555
-7.781250
3.583984
2.937500
0.312988
0.489746
-0.375244
-7.000000
-0.383301
-2.015625
2.736328
-1.161133
-0.797363
-9.640625
-1.583984
-1.241211
0.606934
2.994141
-0.670410
-14.000000
-0.293457
-1.830078
-0.344238
0.006958
-1.015625
-9.312500
-1.043945
-9.484375
-0.383057
-1.129883
0.933105
-9.562500
2.171875
3.472656
1.619141
0.187134
-0.493408
-10.531250
-0.393311
-1.708984
2.150391
-0.883789
-0.882812
-13.164062
-1.732422
-1.823242
0.631348
3.884766
-0.208496
-18.203125
-0.031830
-2.191406
-0.225586
-0.296387
-0.716309
-11.335938
-1.081055
-5.183594
-0.211426
-1.243164
1.554688
-10.656250
1.221680
2.359375
2.335938
-0.625488
-0.071106
-12.835938
-1.100586
-0.749023
1.514648
-1.567383
-0.082153
-14.937500
-0.757812
-1.436523
-0.014221
3.583984
0.813965
-19.875000
-1.432617
-1.090820
0.001404
0.112915
-0.086670
-11.609375
0.407715
-2.234375
0.174805
-1.640625
1.723633
-9.046875
1.248047
1.332031
1.826172
-1.289062
0.470459
-11.539062
-1.704102
0.808105
1.064453
-0.956055
0.953125
-14.203125
0.034790
-1.967773
0.212646
1.454102
0.621582
-16.593750
-1.443359
0.405029
0.192871
0.635254
0.487793
-11.234375
0.514160
-0.796387
0.501465
-1.605469
1.744141
-9.390625
-1.187500
-1.349609
0.652832
-1.704102
0.281982
-12.578125
-1.881836
-0.066223
0.962402
-0.051941
0.239014
-14.632812
0.446289
-3.306641
1.229492
0.197998
-0.670410
-15.984375
-2.130859
0.485596
-0.288330
-0.132690
0.064209
-11.960938
-1.191406
0.906250
-0.048523
-1.397461
1.589844
-9.820312
-0.349609
-1.152344
-0.419434
-0.777832
0.687012
-11.257812
-0.582520
-0.824219
1.909180
-0.031494
-0.173218
-10.234375
0.361328
-2.359375
3.548828
0.575195
-0.323975
-13.640625
0.170776
0.373535
0.534668
0.004761
0.277588
-11.000000
-1.887695
0.873535
-0.290283
-1.544922
1.757812
-10.312500
-1.802734
-1.130859
0.861328
-0.562988
0.261230
-13.578125
-1.465820
-2.478516
1.207031
0.438965
0.049316
-13.851562
-0.225464
-2.636719
2.166016
-0.159424
-0.877441
-15.484375
-0.983398
-0.449707
0.810059
-0.142700
0.369141
-11.398438
-2.117188
-0.566895
0.167236
-1.144531
1.185547
-8.617188
-0.027344
-0.480225
0.890625
-0.109985
0.125000
-10.437500
-1.147461
-2.222656
0.698730
-0.071106
-0.116028
-10.156250
-1.001953
-1.625977
0.640625
1.180664
-0.404785
-13.070312
-0.395752
0.221558
2.066406
-0.121460
0.231934
-8.593750
-1.426758
-7.957031
-0.018005
-0.620117
0.604004
-9.007812
1.872070
3.279297
0.754883
1.681641
0.028015
-10.281250
-1.136719
-3.529297
2.261719
-0.710449
-0.260498
-12.476562
-1.156250
-0.922363
-1.946289
2.564453
-1.181641
-14.421875
-1.894531
-1.916016
-0.645020
-0.614258
-1.956055
-11.695312
-2.609375
-15.703125
0.133301
-0.234619
0.448730
-10.179688
3.589844
4.875000
-0.050293
3.117188
-1.013672
-13.156250
-1.359375
-5.972656
4.519531
-1.352539
0.615234
-14.828125
-1.886719
-0.041046
-2.296875
3.261719
-1.910156
-15.453125
-4.042969
-4.898438
-4.382812
-1.457031
-3.816406
-14.828125
-3.859375
-19.718750
-0.379395
-0.170410
0.425293
-9.828125
5.046875
5.148438
0.136719
3.576172
-1.908203
-13.257812
-0.521484
-7.152344
5.992188
-2.162109
1.669922
-15.601562
-1.761719
1.532227
-1.601562
3.152344
-2.396484
-14.203125
-4.027344
-6.820312
-5.566406
-0.976074
-4.578125
-14.835938
-4.628906
-11.679688
-0.539551
-0.653320
0.723145
-7.871094
3.779297
2.820312
0.673828
1.166016
-1.253906
-10.187500
0.615234
-5.046875
3.406250
-2.076172
1.148438
-13.546875
-1.743164
1.588867
-1.473633
1.715820
-1.803711
-11.687500
-2.953125
-5.285156
-4.500000
-0.228882
-3.583984
-11.593750
-4.050781
-5.726562
-0.131836
-0.748047
0.807129
-7.125000
1.511719
2.050781
0.348389
0.107178
-0.099609
-6.902344
-0.714844
-1.549805
1.705078
-0.950195
-0.401367
-9.335938
-1.507812
-0.964355
-0.092834
2.373047
-0.350098
-13.203125
-0.489746
-1.298828
-0.541992
0.032837
-1.021484
-8.851562
-0.738281
-8.078125
-0.341309
-0.649902
0.732910
-7.562500
3.519531
2.798828
0.039062
0.480957
-0.520508
-6.804688
-0.445312
-1.938477
2.675781
-1.052734
-0.866211
-9.609375
-1.637695
-1.243164
0.519531
2.927734
-0.507324
-13.820312
-0.350098
-1.764648
-0.427734
-0.068237
-1.013672
-9.328125
-1.218750
-9.703125
-0.376221
-0.958984
0.838867
-9.117188
2.650391
3.390625
1.221680
-0.149902
-0.645020
-9.828125
-0.472168
-1.363281
1.996094
-1.062500
-1.001953
-13.023438
-1.828125
-1.801758
0.514160
3.474609
-0.090332
-17.421875
0.212280
-2.150391
-0.266602
-0.451660
-0.773438
-11.257812
-1.411133
-6.480469
-0.303467
-1.083984
1.277344
-9.812500
1.065430
2.000000
1.992188
-1.222656
-0.175537
-11.703125
-0.253418
-0.231934
1.493164
-1.613281
-0.599121
-12.000000
-1.052734
-1.252930
0.120544
2.970703
0.855957
-17.140625
-0.997070
-0.865723
0.377930
-0.311523
-0.015625
-9.906250
-0.113647
-2.607422
0.114563
-1.665039
1.342773
-8.960938
1.203125
0.666504
1.603516
-1.646484
0.572266
-9.968750
-0.591309
1.045898
1.053711
-1.111328
0.592773
-9.335938
0.075806
-0.641602
0.578613
1.609375
0.241211
-14.093750
-1.365234
0.150757
0.352051
-0.080444
0.615723
-8.695312
0.033081
-0.862793
0.408447
-1.412109
1.343750
-7.906250
-0.445312
-1.632812
0.901367
-1.393555
0.585449
-10.023438
-0.739258
0.580566
1.255859
-0.115662
0.644531
-10.820312
0.792480
-1.820312
1.483398
0.685547
-0.523438
-12.796875
-1.637695
0.218140
-0.213867
-0.590332
0.193848
-8.742188
-1.281250
1.058594
0.426270
-1.546875
1.513672
-7.890625
-0.689453
-1.343750
-0.180176
-0.886230
0.610352
-9.617188
-0.415039
-0.388184
1.557617
0.118591
0.095947
-4.058594
1.141602
-0.883301
2.470703
-0.231934
-0.565918
-10.531250
0.208862
0.251221
0.701172
-0.284180
0.465820
-7.890625
-1.244141
1.645508
0.079041
-1.532227
1.462891
-6.605469
-0.169922
-0.882324
0.187744
-0.689941
0.503418
-8.515625
-1.222656
-2.150391
0.790039
0.037720
0.175293
-7.066406
-0.000610
-0.825684
1.208008
-0.782227
-0.513672
-10.359375
-0.376709
-0.989746
-0.028870
-0.182007
0.514648
-7.183594
-1.299805
2.027344
0.460205
-0.999023
1.037109
-5.023438
1.289062
-0.661621
0.792969
-0.760742
0.489014
-5.359375
-0.418701
-0.923828
0.416016
-0.215088
0.423828
-5.109375
-0.687988
-0.569336
-0.214600
0.246338
0.241577
-7.410156
-0.338867
-0.529785
0.388672
-0.327148
0.266602
-5.121094
-0.687012
-5.546875
-0.105408
-0.536133
0.415039
-7.882812
1.947266
2.599609
0.680664
1.234375
-0.065247
-8.265625
-0.652344
-2.732422
2.195312
-0.834961
0.504883
-10.195312
-1.154297
-0.451172
-1.706055
2.615234
-0.731445
-11.734375
-1.732422
-1.950195
-1.061523
-0.676758
-2.068359
-9.914062
-2.353516
-14.437500
0.166260
-0.212158
0.402832
-9.742188
3.923828
4.554688
-0.039551
2.939453
-1.151367
-12.585938
-1.328125
-5.808594
4.464844
-1.454102
0.756836
-14.468750
-1.955078
0.043427
-2.345703
3.017578
-1.725586
-14.546875
-3.814453
-5.011719
-4.500000
-1.465820
-3.886719
-14.390625
-3.818359
-19.484375
-0.354980
-0.151123
0.430176
-9.750000
5.136719
5.140625
0.155273
3.597656
-1.943359
-13.234375
-0.485840
-7.179688
5.960938
-2.179688
1.750000
-15.867188
-1.701172
1.586914
-1.652344
3.095703
-2.326172
-14.250000
-4.121094
-6.851562
-5.550781
-1.041992
-4.585938
-15.023438
-4.617188
-11.570312
-0.539062
-0.659180
0.733887
-7.859375
3.802734
2.824219
0.654297
1.144531
-1.255859
-10.179688
0.637695
-5.058594
3.412109
-2.099609
1.165039
-13.492188
-1.733398
1.616211
-1.493164
1.731445
-1.815430
-11.687500
-2.970703
-5.250000
-4.519531
-0.228394
-3.568359
-11.554688
-4.031250
-5.863281
-0.130127
-0.713867
0.731445
-6.816406
1.646484
2.101562
0.339111
0.151611
-0.033020
-6.546875
-0.617188
-1.526367
1.801758
-0.791016
-0.408203
-8.992188
-1.532227
-0.961426
-0.137207
2.205078
-0.334473
-12.531250
-0.451172
-1.314453
-0.520508
0.073853
-1.018555
-8.539062
-0.709961
-8.304688
-0.340088
-0.528320
0.667480
-7.402344
3.570312
2.859375
0.025879
0.560547
-0.433594
-6.640625
-0.473145
-1.914062
2.828125
-0.916016
-0.788086
-10.070312
-1.632812
-1.216797
0.298340
2.785156
-0.347168
-13.421875
-0.383789
-1.858398
-0.555176
-0.062378
-1.126953
-9.523438
-1.298828
-9.578125
-0.312256
-0.805664
0.756348
-8.585938
3.308594
3.511719
1.166016
-0.106812
-0.517578
-9.039062
-0.491211
-1.243164
2.185547
-1.021484
-1.015625
-12.757812
-2.007812
-1.668945
0.467285
3.195312
0.154785
-16.375000
0.016998
-2.216797
-0.444824
-0.392090
-0.902344
-11.398438
-1.597656
-6.816406
-0.067078
-0.935547
1.244141
-8.601562
1.768555
2.410156
2.240234
-1.134766
-0.040344
-10.210938
-0.234375
-0.077576
1.368164
-1.300781
-0.652344
-11.054688
-1.582031
-1.125000
0.911621
2.521484
0.866699
-15.148438
-0.715332
-0.900391
-0.232422
-0.484375
0.014160
-9.039062
-0.694336
-3.292969
0.715820
-1.676758
1.468750
-7.777344
1.925781
0.141846
2.109375
-1.804688
1.345703
-7.570312
-0.867188
0.982910
0.645020
-1.533203
0.160645
-9.382812
-0.163330
-0.616211
1.038086
1.858398
-0.321533
-13.125000
-0.748047
0.071655
-0.419678
-0.490723
0.524414
-8.109375
-0.630859
-1.507812
0.946777
-0.984375
1.282227
-6.500000
0.693359
-0.969238
1.103516
-1.409180
1.068359
-8.460938
-0.538574
1.198242
0.808594
-0.262207
0.675781
-8.656250
1.515625
-0.183350
1.801758
0.860352
-0.612793
-10.914062
-1.074219
0.705566
-0.167480
-0.897461
0.354004
-7.433594
-1.539062
0.365967
0.643555
-1.272461
1.309570
-6.867188
1.251953
-0.213989
-0.273926
-0.963867
0.597168
-8.078125
0.190796
0.558105
1.991211
0.044739
0.351074
-0.526367
2.869141
0.934570
2.341797
-0.511719
-0.436523
-8.351562
-0.144409
0.116211
1.169922
-0.592285
0.362305
-4.691406
-0.727051
1.705078
0.463867
-1.083984
1.316406
-5.750000
0.839844
0.160400
-0.405762
-1.006836
0.892578
-7.824219
-1.426758
-1.796875
1.231445
-0.178833
0.456055
-4.632812
1.543945
0.580078
0.810547
-0.501953
-0.409668
-8.601562
-1.286133
-2.199219
0.260010
-0.889160
0.169922
-5.316406
-0.863770
1.244141
0.812012
-0.681641
1.064453
-4.062500
1.980469
-0.163086
0.129150
-1.119141
1.054688
-3.871094
-0.525391
-1.082031
0.609863
-0.696777
0.438477
-5.546875
-0.781250
-0.120605
-0.786133
0.846680
0.036621
-6.835938
-0.751953
-1.186523
0.114441
-0.562500
-0.209839
-5.101562
-0.781738
-6.074219
-0.032410
-0.385742
0.350098
-7.597656
2.175781
2.742188
0.388916
1.021484
0.008850
-8.101562
-0.731445
-3.300781
2.292969
-0.980469
0.600098
-10.265625
-1.628906
-0.333008
-1.624023
2.707031
-0.875488
-11.734375
-2.033203
-2.152344
-1.463867
-0.803711
-2.333984
-9.976562
-2.296875
-14.171875
0.136475
-0.189697
0.364258
-9.679688
4.148438
4.781250
-0.012695
2.925781
-1.255859
-12.671875
-1.223633
-6.058594
4.519531
-1.435547
0.815430
-14.234375
-2.115234
0.101562
-2.187500
2.892578
-1.787109
-14.390625
-3.873047
-5.066406
-4.640625
-1.575195
-4.000000
-14.664062
-3.916016
-19.453125
-0.373779
-0.175415
0.413574
-9.820312
5.117188
5.171875
0.122314
3.636719
-1.969727
-13.382812
-0.363770
-7.238281
6.007812
-2.117188
1.787109
-16.015625
-1.695312
1.625977
-1.626953
3.078125
-2.353516
-14.437500
-4.164062
-6.851562
-5.531250
-1.100586
-4.625000
-15.320312
-4.601562
-11.515625
-0.534668
-0.658203
0.729004
-7.839844
3.828125
2.820312
0.649902
1.138672
-1.239258
-10.140625
0.639648
-5.058594
3.441406
-2.103516
1.164062
-13.507812
-1.730469
1.622070
-1.452148
1.712891
-1.815430
-11.640625
-2.955078
-5.230469
-4.539062
-0.233765
-3.552734
-11.554688
-4.007812
-6.035156
-0.109802
-0.682617
0.702637
-6.554688
1.685547
2.224609
0.412842
0.194458
0.031677
-6.312500
-0.589355
-1.509766
1.764648
-0.708984
-0.350342
-8.617188
-1.565430
-0.892578
-0.149170
2.089844
-0.414551
-12.000000
-0.470215
-1.358398
-0.535645
0.103149
-1.060547
-8.210938
-0.670898
-8.718750
-0.354248
-0.430664
0.630371
-7.039062
3.308594
2.865234
0.164062
0.793457
-0.290283
-6.250000
-0.452148
-1.951172
2.798828
-0.890625
-0.602539
-10.039062
-1.552734
-1.122070
0.161621
2.767578
-0.416504
-12.656250
-0.579102
-1.932617
-0.685059
0.061157
-1.186523
-9.156250
-1.141602
-9.171875
-0.368408
-0.650391
0.826660
-7.984375
3.000000
3.494141
1.459961
0.124390
-0.387451
-8.507812
-0.630371
-1.365234
1.920898
-1.073242
-0.806641
-12.289062
-1.957031
-1.447266
0.554199
3.150391
-0.046875
-15.195312
-0.548828
-2.521484
-0.673828
-0.074097
-1.171875
-10.984375
-1.287109
-6.074219
0.024475
-0.709961
1.323242
-7.484375
1.605469
2.345703
2.435547
-1.177734
-0.130127
-8.671875
-0.661133
-0.283936
0.461670
-1.125977
-0.399902
-10.648438
-1.582031
-1.019531
1.413086
2.115234
0.517090
-13.468750
-0.801270
-1.508789
-0.773438
-0.317871
-0.415527
-8.750000
-0.555176
-3.283203
0.958008
-1.405273
1.648438
-6.621094
0.901855
0.080139
1.755859
-1.939453
1.257812
-6.531250
-1.157227
0.523438
-1.032227
-1.333008
0.179688
-8.289062
-0.443848
-0.573242
1.245117
1.515625
-0.316895
-11.296875
-1.053711
-0.073853
-1.271484
-0.444824
-0.245728
-7.636719
-0.232300
-1.111328
1.121094
-1.284180
1.529297
-6.468750
-0.935547
-0.916504
0.518555
-1.425781
0.860840
-8.625000
-0.021606
1.199219
-0.779297
-0.394775
0.599609
-5.972656
0.982422
0.561523
0.960449
0.421631
0.063965
-10.984375
-1.324219
1.324219
-0.985352
-0.573242
0.139160
-6.816406
-0.250488
1.604492
0.457764
-1.122070
1.411133
-7.289062
-1.193359
-0.167969
0.201172
-0.448242
0.975098
-7.562500
0.813477
0.884277
0.417969
-0.009232
0.479980
8.226562
2.587891
2.771484
1.720703
-0.468018
0.119568
-7.460938
-1.099609
0.619141
0.538574
-0.946777
0.278320
-1.993164
1.238281
1.976562
0.578125
-1.141602
1.382812
-6.695312
-0.789062
0.112305
-0.007812
-0.729004
1.218750
-9.093750
-1.067383
-2.386719
0.330811
-0.211670
0.467773
-0.349609
1.011719
1.679688
0.085876
-0.518555
-0.600586
-8.679688
-2.109375
-2.878906
-0.186523
-0.996094
0.016602
-4.800781
0.515137
-0.353760
0.936523
-1.028320
1.486328
-5.398438
1.086914
0.279297
0.806641
-0.817383
1.225586
-6.011719
-1.091797
-2.263672
0.611816
-0.841309
0.428223
-6.539062
-1.407227
-0.023468
-0.858887
1.377930
-0.372803
-9.671875
-1.777344
-2.218750
-0.701660
-0.710938
-0.697266
-7.156250
-0.718262
-7.199219
-0.140869
-0.475098
0.375488
-8.281250
1.830078
3.189453
0.742188
1.556641
0.163574
-9.164062
-0.906250
-3.808594
2.732422
-0.696777
0.345703
-10.742188
-2.197266
-0.512207
-1.580078
2.748047
-1.081055
-12.835938
-2.451172
-2.828125
-1.837891
-0.980957
-2.417969
-10.859375
-2.386719
-14.500000
0.106018
-0.196533
0.320312
-9.695312
4.011719
4.937500
0.107666
2.964844
-1.279297
-12.789062
-1.112305
-6.273438
4.550781
-1.362305
0.895508
-13.750000
-2.152344
0.109375
-2.185547
2.837891
-2.058594
-14.406250
-4.015625
-5.160156
-4.769531
-1.717773
-4.089844
-14.828125
-4.019531
-19.656250
-0.385498
-0.194092
0.416016
-9.921875
5.097656
5.242188
0.143555
3.660156
-1.974609
-13.539062
-0.301270
-7.335938
6.046875
-2.087891
1.836914
-16.015625
-1.716797
1.600586
-1.645508
3.173828
-2.451172
-14.500000
-4.199219
-6.824219
-5.550781
-1.125977
-4.632812
-15.375000
-4.601562
-11.468750
-0.535645
-0.654297
0.723145
-7.808594
3.826172
2.835938
0.657227
1.139648
-1.244141
-10.117188
0.637695
-5.054688
3.439453
-2.103516
1.165039
-13.484375
-1.737305
1.622070
-1.426758
1.713867
-1.824219
-11.578125
-2.937500
-5.222656
-4.546875
-0.233276
-3.548828
-11.507812
-4.003906
-5.996094
-0.094421
-0.666992
0.740234
-6.367188
1.578125
2.410156
0.549805
0.151855
0.035828
-6.207031
-0.610352
-1.548828
1.571289
-0.782227
-0.319336
-8.289062
-1.602539
-0.802734
-0.043274
2.083984
-0.593750
-11.882812
-0.499023
-1.493164
-0.615723
0.094116
-1.188477
-8.070312
-0.713867
-8.281250
-0.355713
-0.417969
0.672852
-6.710938
2.898438
2.865234
0.467285
0.828613
-0.140137
-5.929688
-0.470215
-2.025391
2.365234
-0.974609
-0.496582
-9.484375
-1.522461
-1.000000
0.270020
2.843750
-0.576660
-12.187500
-0.746094
-1.932617
-0.892090
0.020142
-1.378906
-8.750000
-1.005859
-7.312500
-0.326660
-0.620117
0.961426
-7.859375
2.113281
3.078125
1.763672
0.184937
-0.274170
-8.570312
-0.746094
-1.523438
1.141602
-0.985840
-0.756348
-11.265625
-1.871094
-1.530273
0.818848
2.568359
-0.422852
-14.593750
-0.974609
-2.302734
-1.148438
-0.231812
-1.578125
-10.421875
-0.842773
-3.992188
0.062317
-0.624023
1.496094
-7.441406
0.846191
2.050781
2.476562
-0.757812
0.249023
-7.816406
-1.325195
-0.421875
-0.227783
-1.070312
-0.523438
-11.257812
-1.714844
-1.343750
2.031250
1.436523
0.106445
-13.625000
-0.792480
-1.375977
-1.649414
-0.549316
-0.815430
-9.281250
-0.552734
-2.878906
0.896484
-1.731445
1.712891
-7.531250
-0.017578
0.580566
1.765625
-1.912109
0.993652
-6.203125
-1.126953
0.922363
-2.429688
-1.205078
0.063232
-9.570312
-1.472656
-1.253906
2.503906
1.384766
0.282715
-11.914062
-0.796875
0.200195
-1.890625
-0.366699
-0.312256
-8.945312
-0.637207
-1.126953
1.324219
-1.325195
1.568359
-7.937500
-3.013672
-0.604980
0.338379
-1.962891
0.561035
-11.101562
-0.687012
1.367188
-3.806641
-0.385986
0.643555
-11.445312
-0.854980
-0.790039
1.797852
0.312500
0.393066
-13.265625
-1.865234
1.034180
-2.925781
-0.520020
-0.044556
-10.617188
-0.660645
0.115845
0.931641
-1.106445
1.583984
-8.562500
-3.986328
0.781250
0.077637
-1.273438
0.913574
-11.515625
-0.350098
0.992676
-3.654297
0.157104
0.586914
1.317383
0.850586
1.021484
2.525391
-0.631836
0.940918
-10.203125
-1.897461
0.468018
-2.201172
-0.590332
0.351562
-6.062500
1.149414
0.015900
0.800781
-1.264648
1.677734
-7.316406
-3.529297
0.519043
0.227051
-1.351562
1.111328
-10.960938
-2.150391
-2.251953
-3.005859
-0.100159
0.361328
-5.894531
-0.174316
0.292725
0.580566
-0.115967
0.244873
-12.046875
-2.761719
-3.035156
-2.208984
-0.575195
0.169189
-8.210938
1.064453
-2.121094
0.907227
-1.291992
1.796875
-6.968750
-0.714844
0.533691
1.347656
-1.062500
1.336914
-8.507812
-1.866211
-2.468750
-1.311523
-0.762695
0.312256
-10.359375
-1.930664
-0.843750
-0.993652
2.185547
0.264160
-13.031250
-2.158203
-2.630859
-1.903320
-0.583496
-0.548828
-9.289062
-0.426758
-7.480469
-0.313965
-0.443359
0.430176
-8.742188
1.153320
3.566406
1.058594
1.636719
0.470459
-9.960938
-0.567383
-3.685547
2.533203
-0.602539
0.120605
-11.484375
-2.244141
-1.058594
-1.352539
3.072266
-0.953125
-13.773438
-2.507812
-2.572266
-2.212891
-1.081055
-2.480469
-11.734375
-2.423828
-14.476562
0.054504
-0.125366
0.322266
-9.523438
3.892578
4.960938
0.231201
2.914062
-1.226562
-12.640625
-0.839844
-6.148438
4.503906
-1.427734
0.882812
-13.421875
-2.095703
0.032196
-1.979492
2.853516
-2.187500
-14.554688
-3.986328
-5.207031
-4.796875
-1.752930
-4.195312
-14.742188
-3.927734
-19.546875
-0.426758
-0.201416
0.373047
-9.757812
5.070312
5.218750
0.096680
3.630859
-1.927734
-13.460938
-0.163696
-7.191406
6.039062
-2.173828
1.835938
-15.929688
-1.814453
1.519531
-1.645508
3.169922
-2.546875
-14.398438
-4.046875
-6.765625
-5.601562
-1.161133
-4.718750
-15.312500
-4.640625
-11.296875
-0.556152
-0.684570
0.713379
-7.687500
3.833984
2.742188
0.626465
1.103516
-1.215820
-10.039062
0.675293
-5.019531
3.388672
-2.136719
1.152344
-13.406250
-1.768555
1.599609
-1.401367
1.623047
-1.836914
-11.523438
-2.890625
-5.195312
-4.609375
-0.287109
-3.587891
-11.460938
-3.966797
-6.074219
-0.076965
-0.619141
0.844238
-6.421875
1.603516
2.382812
0.328369
0.284668
-0.024475
-6.425781
-0.721680
-1.797852
1.218750
-0.935547
-0.526367
-8.992188
-1.751953
-0.693848
-0.055237
2.150391
-0.661621
-12.132812
-0.665039
-1.352539
-0.629395
0.092163
-1.355469
-8.492188
-1.026367
-7.816406
-0.337402
-0.311035
0.789062
-6.593750
2.503906
2.794922
0.219971
0.708496
-0.206543
-6.359375
-0.800781
-2.457031
1.596680
-1.437500
-0.746582
-10.562500
-1.796875
-0.791504
0.220215
3.031250
-0.500488
-12.921875
-0.861328
-1.747070
-1.039062
0.088989
-1.519531
-9.242188
-1.292969
-6.632812
-0.379639
-0.515625
1.127930
-8.203125
0.827148
2.755859
1.464844
-0.246948
-0.085144
-9.671875
-1.331055
-2.171875
0.216309
-1.350586
-1.229492
-12.710938
-1.932617
-1.437500
0.628418
2.798828
-0.555176
-16.171875
-1.020508
-1.796875
-1.150391
-0.321289
-1.667969
-10.882812
-1.322266
-1.563477
-0.280518
-0.562500
1.550781
-8.570312
-0.394531
1.644531
1.340820
-1.100586
0.206055
-10.429688
-2.667969
-1.250000
-1.197266
-1.445312
-0.939941
-14.679688
-1.872070
-1.310547
1.823242
1.717773
-0.191650
-17.203125
-1.833984
-1.149414
-1.649414
-0.295410
-1.006836
-10.992188
-0.766113
-0.955078
0.440430
-1.662109
1.621094
-8.960938
-1.068359
0.880859
0.320312
-1.655273
0.841309
-8.296875
-1.123047
1.119141
-3.107422
-1.212891
-0.276855
-13.000000
-1.425781
-1.688477
2.689453
1.737305
0.056030
-14.742188
-1.470703
0.954590
-1.759766
-0.238159
-0.212524
-10.953125
-0.848145
0.432861
1.146484
-1.672852
1.473633
-9.812500
-4.750000
-0.579102
-0.414551
-1.708984
1.177734
-13.726562
-0.785156
1.325195
-3.951172
0.019333
0.373535
-17.718750
-0.791992
-2.119141
2.164062
1.344727
0.290527
-15.781250
-2.423828
0.480713
-3.605469
-0.964355
-0.132324
-14.554688
-1.358398
0.406494
0.782227
-1.269531
1.609375
-9.671875
-5.156250
0.152344
-0.329590
-0.971680
0.704590
-14.000000
-1.055664
0.476562
-4.113281
0.083069
0.373047
-9.367188
0.252441
-1.202148
2.744141
0.332031
0.504883
-13.203125
-1.181641
-0.279785
-3.263672
-0.569336
0.222656
-12.664062
0.166138
-0.721191
0.521973
-1.361328
1.775391
-8.718750
-5.828125
-0.166992
-0.159668
-0.892090
0.663086
-12.296875
-2.244141
-2.507812
-3.017578
-0.087097
0.435547
-13.281250
0.044556
-0.921387
0.896973
0.872070
0.162231
-14.601562
-2.677734
-2.953125
-3.025391
-1.017578
0.065063
-13.140625
0.148560
-4.355469
0.625977
-1.178711
1.736328
-8.218750
-3.134766
0.484863
0.002441
-0.786621
1.375000
-10.531250
-1.647461
-2.632812
-1.542969
-1.228516
0.197021
-13.851562
-1.930664
-1.656250
-1.438477
2.638672
0.301758
-14.960938
-2.134766
-2.222656
-1.975586
-0.737305
-0.788086
-11.296875
-1.003906
-8.375000
-0.294434
-0.389160
0.562988
-9.117188
1.182617
3.324219
0.569336
1.285156
0.493896
-10.976562
-0.421387
-3.996094
2.169922
-0.933594
-0.141968
-12.882812
-1.818359
-1.326172
-1.559570
3.130859
-1.047852
-14.953125
-3.121094
-2.648438
-2.380859
-1.196289
-2.679688
-12.625000
-2.703125
-14.382812
0.008606
0.013916
0.347656
-9.656250
4.042969
4.738281
-0.091309
2.847656
-1.243164
-12.773438
-0.924316
-6.238281
4.195312
-1.470703
0.716797
-13.742188
-1.903320
0.184570
-2.005859
3.060547
-2.001953
-14.937500
-4.117188
-5.187500
-4.597656
-1.662109
-4.187500
-15.054688
-3.923828
-19.406250
-0.406738
-0.172974
0.355957
-9.718750
5.117188
5.097656
-0.000488
3.460938
-1.963867
-13.671875
-0.362305
-7.195312
5.570312
-2.080078
1.812500
-15.976562
-1.712891
1.770508
-1.631836
3.238281
-2.408203
-14.476562
-4.062500
-6.917969
-5.375000
-1.084961
-4.625000
-15.304688
-4.535156
-10.968750
-0.548828
-0.686523
0.737793
-7.636719
3.912109
2.615234
0.539062
1.018555
-1.214844
-10.078125
0.610352
-5.019531
3.181641
-2.035156
1.126953
-13.554688
-1.701172
1.790039
-1.465820
1.631836
-1.670898
-11.640625
-2.845703
-5.148438
-4.582031
-0.296875
-3.498047
-11.398438
-3.865234
-7.789062
-0.050232
-0.710938
0.763672
-7.003906
1.775391
2.160156
0.272217
0.794434
-0.080078
-7.164062
-0.788086
-2.218750
1.312500
-0.872070
-0.426025
-9.898438
-1.640625
-0.250977
-0.338135
2.152344
-0.528809
-12.578125
-0.969727
-1.384766
-0.865234
-0.061890
-1.702148
-9.382812
-1.552734
-9.953125
-0.279785
-0.416016
0.803223
-7.128906
2.193359
2.412109
0.105469
0.981934
-0.683594
-7.703125
-0.988281
-2.888672
1.580078
-1.335938
-0.760742
-11.742188
-1.600586
-0.131104
0.064880
3.052734
-0.316406
-13.304688
-0.890625
-1.643555
-1.237305
0.111938
-1.666992
-10.164062
-2.236328
-8.773438
-0.578613
-0.538574
0.907715
-8.671875
0.913574
2.332031
1.064453
0.161011
-0.408936
-10.765625
-1.342773
-2.564453
0.302734
-1.382812
-1.544922
-14.093750
-1.926758
-0.771973
0.409668
2.943359
-0.267090
-15.882812
-0.835938
-1.212891
-0.572266
-0.160034
-1.642578
-10.984375
-2.152344
-2.312500
-0.667480
-0.694336
1.191406
-9.070312
-0.038086
0.933594
-0.104004
-1.312500
-0.240479
-12.593750
-2.814453
-2.021484
-1.942383
-1.652344
-1.484375
-15.929688
-1.766602
-0.648438
1.272461
2.103516
-0.135742
-16.890625
-1.994141
-1.092773
-0.431641
-0.045776
-1.275391
-10.921875
-1.363281
0.463135
-0.326172
-0.802734
1.289062
-7.339844
-0.605469
0.870117
-2.494141
-1.267578
0.235596
-8.882812
-0.619629
-0.026306
-2.958984
-1.109375
-0.388916
-13.250000
-0.429199
-1.077148
1.170898
1.668945
-0.110840
-12.671875
-1.133789
0.556641
-1.131836
-0.293457
-0.540527
-10.429688
-1.088867
0.590332
0.471924
-0.918945
1.148438
-9.195312
-3.666016
-0.483887
-2.037109
-0.580566
0.744629
-13.328125
-0.445312
0.342041
-3.380859
-0.407227
-0.137329
-16.828125
-0.398438
-1.604492
0.669922
0.848633
-0.196289
-13.867188
-2.488281
0.347412
-2.685547
-1.295898
-0.482422
-13.117188
-1.423828
0.176025
0.286865
-0.694336
1.027344
-8.968750
-2.164062
-0.800781
-1.208984
-0.035522
0.719727
-11.140625
-0.269531
-0.121887
-3.349609
-0.151855
0.252686
-11.679688
0.357422
-1.375000
1.167969
0.099121
0.072937
-11.171875
-1.166016
-0.207520
-2.871094
-0.710938
-0.275391
-11.257812
-0.462891
-1.307617
0.064392
-1.013672
1.444336
-9.125000
-3.986328
-0.864746
-0.881348
0.030151
0.384766
-11.453125
-0.595215
-2.199219
-2.238281
-0.487305
0.761719
-14.500000
-0.030151
-1.142578
-0.287598
0.795898
-0.215332
-14.070312
-2.089844
-2.039062
-2.591797
-1.130859
-0.077148
-12.171875
-0.805664
-5.519531
0.338867
-0.795898
1.488281
-9.156250
-2.810547
-0.215332
-1.146484
-0.155151
0.418213
-12.539062
-0.867188
-3.480469
-1.186523
-1.230469
-0.230713
-16.421875
-2.017578
-1.846680
-2.412109
2.285156
0.354004
-16.406250
-2.753906
-2.324219
-1.660156
-1.031250
-1.009766
-12.375000
-1.832031
-11.929688
-0.330078
-0.494385
0.576172
-10.210938
1.097656
2.810547
0.213623
1.382812
-0.115540
-13.703125
-0.994141
-4.726562
1.788086
-1.423828
-0.599609
-15.343750
-1.956055
-0.914062
-2.185547
2.630859
-1.211914
-16.578125
-3.386719
-3.191406
-2.158203
-1.154297
-3.001953
-13.781250
-3.720703
-16.750000
-0.008240
-0.177002
0.384277
-10.296875
3.876953
4.343750
-0.109863
3.021484
-1.475586
-14.281250
-1.199219
-6.761719
4.167969
-1.613281
0.833984
-14.789062
-1.957031
0.639648
-2.365234
2.978516
-2.027344
-15.750000
-4.062500
-5.261719
-4.457031
-1.356445
-4.390625
-15.398438
-4.457031
-20.312500
-0.300537
-0.144775
0.506348
-9.859375
4.945312
4.878906
0.129883
3.519531
-2.013672
-14.265625
-0.673828
-7.449219
5.335938
-2.009766
2.011719
-16.312500
-1.628906
2.181641
-1.865234
2.917969
-2.333984
-14.585938
-4.105469
-6.933594
-5.347656
-0.930176
-4.664062
-15.148438
-4.765625
-11.117188
-0.493652
-0.681641
0.750977
-7.734375
3.906250
2.564453
0.772461
1.102539
-1.233398
-10.476562
0.355469
-5.273438
3.142578
-1.941406
1.166016
-13.898438
-1.673828
2.080078
-1.592773
1.557617
-1.405273
-11.593750
-2.986328
-5.070312
-4.554688
-0.265625
-3.423828
-11.343750
-3.917969
-9.625000
0.086975
-0.715820
0.468750
-7.656250
2.554688
2.644531
0.588867
1.251953
-0.333984
-8.234375
-0.976562
-2.589844
2.085938
-0.594727
0.089600
-10.109375
-1.489258
0.061005
-0.351562
1.659180
-1.122070
-12.882812
-1.478516
-2.302734
-1.851562
-0.091675
-2.230469
-10.101562
-1.930664
-10.593750
-0.147217
-0.516113
0.427246
-7.734375
2.826172
2.888672
0.230713
1.610352
-1.099609
-9.007812
-1.392578
-3.507812
2.595703
-1.056641
-0.187866
-11.929688
-1.978516
0.302979
0.211914
2.169922
-1.362305
-13.453125
-1.360352
-2.333984
-2.695312
0.001587
-2.451172
-11.148438
-2.947266
-9.960938
-0.468262
-0.530273
0.348145
-8.851562
1.859375
2.722656
1.205078
1.333008
-0.875488
-11.101562
-1.339844
-2.972656
1.684570
-1.440430
-1.100586
-13.992188
-2.503906
-0.291504
0.438477
2.347656
-0.820801
-14.656250
-0.914062
-1.481445
-1.695312
-0.051147
-1.968750
-11.015625
-2.865234
-5.339844
-0.876953
-0.626465
0.248901
-9.859375
-0.122070
0.524902
-0.130371
0.031860
-0.736328
-13.968750
-1.760742
-2.484375
-0.221680
-1.213867
-1.291016
-15.140625
-2.203125
-0.516113
0.955566
2.271484
0.047852
-15.343750
-2.019531
-1.121094
-0.082825
0.079224
-1.439453
-10.718750
-2.775391
-1.382812
-1.043945
-0.568359
0.536621
-9.406250
-2.322266
0.125488
-3.673828
-1.235352
-0.323486
-12.945312
-1.012695
-1.043945
-2.162109
-0.536133
-0.165283
-12.984375
-0.346191
-0.498047
0.238770
1.874023
-0.238281
-13.906250
-1.545898
-0.480225
-0.442871
0.008179
-0.944336
-10.960938
-2.197266
-3.156250
-0.583984
-0.571289
0.633301
-10.140625
-3.431641
-0.385254
-3.919922
-0.767090
0.271240
-14.617188
-0.933105
-0.558594
-2.699219
0.000412
0.100586
-16.125000
-0.217285
-1.208984
0.024109
1.333008
-0.437988
-15.304688
-2.539062
-0.679199
-1.501953
-0.513672
-0.656250
-12.828125
-2.013672
-2.914062
-0.400146
0.017090
0.334473
-8.203125
-1.910156
-0.913574
-2.619141
0.508789
-0.016968
-9.968750
-0.018188
-0.894531
-2.283203
0.439941
0.424805
-10.210938
0.047485
-0.539062
0.644531
0.428955
-0.497070
-11.125000
-1.691406
-1.816406
-1.891602
-0.505371
-0.207764
-9.687500
-1.534180
-4.785156
-0.661621
-0.407715
0.645996
-9.460938
-2.818359
-1.636719
-2.421875
0.444824
-0.548340
-13.046875
-0.695801
-2.748047
-1.819336
-0.233276
0.502930
-13.867188
-0.875488
-0.975098
-0.686035
0.440186
0.066650
-14.421875
-2.769531
-3.193359
-1.612305
-1.062500
-0.131104
-11.148438
-1.876953
-9.656250
0.057068
-0.450684
0.650391
-10.320312
-1.197266
-0.136230
-1.716797
0.334473
-0.810059
-15.492188
-1.084961
-4.035156
-0.215820
-1.047852
-0.298340
-17.312500
-2.634766
-1.331055
-2.013672
2.169922
0.225952
-17.187500
-2.951172
-3.109375
-1.308594
-0.621582
-1.261719
-13.140625
-2.693359
-14.171875
-0.375000
-0.476807
0.121948
-10.093750
2.175781
3.152344
0.053223
1.775391
-1.218750
-14.390625
-1.003906
-4.886719
2.664062
-1.472656
-0.324707
-15.648438
-2.998047
-0.493652
-2.234375
2.039062
-1.432617
-16.328125
-2.853516
-4.027344
-2.720703
-0.515137
-3.447266
-13.515625
-4.074219
-18.265625
-0.129639
-0.278809
-0.013428
-10.875000
4.187500
4.621094
-0.156250
3.457031
-1.813477
-14.875000
-1.465820
-6.839844
4.613281
-1.179688
0.871094
-15.523438
-3.009766
0.721680
-2.142578
2.263672
-2.373047
-16.031250
-3.798828
-5.640625
-5.078125
-0.825684
-4.640625
-15.046875
-4.503906
-20.234375
-0.448730
-0.243408
0.181274
-10.062500
5.101562
4.628906
0.040527
3.515625
-2.195312
-14.234375
-1.093750
-7.023438
5.132812
-1.595703
1.626953
-16.437500
-2.216797
1.647461
-1.664062
2.000000
-2.513672
-14.578125
-4.070312
-6.992188
-5.816406
-0.681152
-4.593750
-14.492188
-4.476562
-10.687500
-0.587891
-0.637695
0.335449
-7.546875
3.861328
2.386719
0.658691
1.276367
-1.272461
-10.031250
-0.201294
-4.781250
3.240234
-1.420898
0.939453
-13.757812
-1.886719
1.389648
-0.992676
1.117188
-1.379883
-10.890625
-2.611328
-4.757812
-4.492188
-0.167847
-3.126953
-10.929688
-3.630859
-7.304688
-0.051331
-0.166016
0.127319
-6.593750
2.689453
1.931641
0.452393
1.002930
-0.417480
-7.937500
-0.950684
-2.134766
1.948242
-0.207397
0.578125
-8.945312
-0.784180
0.133301
-0.071350
1.215820
-0.468994
-10.890625
-1.898438
-3.093750
-1.924805
-0.017944
-2.027344
-8.890625
-1.031250
-7.667969
-0.300293
-0.137573
-0.150757
-6.597656
3.238281
2.226562
0.092041
1.375000
-0.916504
-8.585938
-1.313477
-2.744141
2.443359
-0.198120
0.283691
-10.406250
-1.283203
0.193848
0.447266
1.667969
-0.671875
-11.500000
-2.179688
-3.152344
-2.916016
-0.178101
-2.435547
-10.296875
-1.818359
-7.878906
-0.541016
0.063232
-0.451660
-7.140625
2.703125
2.220703
0.668457
1.207031
-0.841797
-9.546875
-1.347656
-2.435547
2.000000
-0.091858
-0.633301
-11.601562
-1.678711
-0.402100
0.922852
2.046875
-0.740723
-11.992188
-1.473633
-2.783203
-2.404297
-0.546387
-2.113281
-10.148438
-2.082031
-6.558594
-0.625000
0.151611
-0.477539
-8.468750
0.414062
1.468750
0.558594
0.666016
-0.776367
-12.281250
-1.609375
-1.777344
1.416016
-0.100647
-1.086914
-12.562500
-1.909180
-0.989258
1.499023
2.197266
-0.098145
-13.382812
-1.726562
-1.978516
-0.700684
0.051392
-1.493164
-10.187500
-2.226562
-6.097656
-0.825195
-0.068604
-0.311035
-9.218750
-1.265625
1.193359
-0.081543
0.224243
-0.259033
-12.906250
-0.631836
-0.208740
0.298340
0.469238
0.038696
-11.757812
-0.555176
-0.885742
1.304688
1.836914
-0.172852
-14.781250
-1.080078
-0.801758
0.378906
0.380371
-0.798340
-10.062500
-2.203125
-6.976562
-0.973633
-0.310303
-0.262207
-9.945312
-2.251953
1.093750
-0.446777
0.292969
-0.059143
-14.265625
-0.591309
0.085144
-0.380859
0.715820
0.623047
-14.390625
-0.213867
-1.329102
1.767578
1.234375
-0.308594
-17.312500
-1.431641
-0.927246
-0.656738
-0.121460
-0.306885
-11.554688
-1.191406
-7.234375
-0.823242
-0.304688
-0.343506
-9.093750
-2.154297
1.093750
-0.340332
0.688477
-0.327881
-12.851562
0.015015
-0.249023
-0.791504
0.782227
0.757812
-10.671875
0.630859
-0.472168
1.993164
0.770508
-0.586426
-15.125000
-1.141602
-2.117188
-1.891602
-0.471680
0.269287
-10.132812
-0.812988
-8.562500
-0.767578
-0.380371
-0.407227
-9.859375
-1.957031
1.298828
-0.195801
0.358398
-0.686035
-14.828125
-0.666504
-1.875000
-0.636230
0.520508
0.178467
-14.023438
-0.282715
-0.697266
0.976562
1.094727
-0.491211
-16.671875
-2.039062
-3.148438
-1.950195
-0.375488
-0.380127
-11.179688
-1.000000
-9.312500
-0.494629
-0.298096
-0.424316
-9.507812
0.021484
1.646484
-0.014160
-0.042542
-1.127930
-14.453125
-1.215820
-2.964844
0.853516
0.077332
-0.350098
-14.085938
-1.982422
-0.987305
-0.433105
2.050781
-0.114746
-15.179688
-2.597656
-3.439453
-1.663086
-0.014038
-1.951172
-11.312500
-1.584961
-10.531250
-0.415771
-0.179688
-0.210205
-8.515625
2.478516
2.396484
0.232178
1.061523
-0.975586
-12.039062
-1.085938
-3.486328
2.750000
-0.056335
-0.080078
-12.976562
-2.119141
-0.430664
-1.190430
1.889648
-0.793945
-13.578125
-2.480469
-4.105469
-3.210938
0.028931
-3.134766
-11.109375
-2.242188
-14.250000
-0.393555
0.067139
-0.265137
-8.640625
2.962891
2.814453
0.197021
2.562500
-1.203125
-11.992188
-1.002930
-4.535156
3.443359
0.016891
0.945312
-13.062500
-2.134766
0.137695
-1.016602
1.352539
-1.538086
-13.101562
-3.121094
-5.207031
-4.703125
-0.225952
-3.646484
-11.945312
-2.517578
-14.234375
-0.673828
0.019287
-0.307129
-8.054688
3.664062
2.562500
0.084229
2.550781
-1.469727
-10.453125
-0.746094
-4.207031
3.599609
-0.286377
1.279297
-13.226562
-1.658203
0.546875
-0.298828
0.930664
-1.757812
-11.445312
-3.154297
-5.371094
-4.644531
-0.338867
-3.345703
-11.179688
-2.644531
-7.859375
-0.701660
-0.368164
-0.118164
-6.093750
3.054688
1.679688
0.621094
0.994629
-0.680176
-7.476562
-0.412109
-2.941406
2.310547
-0.322266
0.516602
-10.710938
-1.177734
0.230957
-0.044495
0.752930
-1.208984
-8.609375
-1.755859
-3.509766
-3.580078
-0.382812
-2.417969
-8.984375
-2.619141
